150
9039

63 166
04 104
80 181
71 174
3 95
1 73
22 123
81 181
35 136
73 75
110 110
129 129
107 109
100 103
87 90
56 57
61 61
112 113
171 171
68 70
166 166
156 156
197 199
99 102
148 150
176 176
152 154
112 112
87 90
51 54
77 77
158 161
106 108
95 98
182 183
168 171
62 63
192 194
113 116
81 84
166 169
84 86
168 170
185 186
193 193
131 133
163 166
179 180
159 162
190 193
164 166
90 90
171 174
165 167
116 117
113 116
120 121
183 185
174 176
111 113
120 122
162 164
69 69
123 124
110 110
119 120
135 138
131 134
188 189
70 73
85 88
88 91
109 109
148 148
89 91
104 105
66 69
156 157
154 156
134 136
188 191
169 171
156 159
65 67
102 104
157 160
149 151
199 201
55 57
197 198
147 147
172 173
51 53
140 140
126 127
149 150
157 158
187 190
189 191
106 108
174 174
106 107
119 121
161 162
174 176
57 58
149 151
136 136
153 154
92 94
169 169
82 82
186 188
56 57
150 153
194 194
56 56
71 73
159 162
84 87
168 171
96 98
62 63
116 116
147 149
133 136
104 104
166 166
133 136
136 139
147 147
121 121
157 158
114 115
70 72
170 170
54 55
188 188
63 66
139 140
107 110
67 70
60 63
57 59
113 116
101 103
55 55
89 89
111 112
82 83