100
4476

80 89
136 144
49 59
41 53
98 109
119 131
112 121
52 61
49 58
108 117
67 78
104 112
73 82
56 66
84 95
48 57
71 81
87 96
76 84
60 71
96 104
146 157
109 118
130 139
78 89
118 128
143 153
123 132
107 116
41 49
125 134
144 155
110 120
78 88
124 132
53 63
57 67
73 85
54 65
53 65
135 145
110 118
59 67
74 84
76 85
117 129
66 76
131 139
83 91
66 78
127 138
121 131
149 159
73 84
104 116
102 114
72 80
148 159
46 58
51 60
121 131
94 102
146 157
75 83
45 57
40 52
82 91
138 148
56 67
121 129
73 83
60 72
134 144
96 104
110 120
130 142
94 104
111 122
41 51
54 65
49 59
128 140
59 68
109 118
44 55
146 157
87 96
114 126
110 122
58 68
95 106
56 68
45 53
79 89
86 96
141 150
150 161
45 57
85 97
66 76